10000000 01 Leche Entera                   0045  195.50 litros     1 10 2 15 3 10 4 20 5 15 6 25 0 10
10000001 01 Yogur Frutilla                 0025  110.00 litros     2 20 3 15 0 10 4 20 5 10 1 25 6 20
10000002 05 Cerveza Rubia                  0120  250.75 litros     1 10 2 10 3 15 4 15 5 10 6 20 0 10
10000003 08 Coca-Cola 2L                   0060  350.00 litros     3 20 4 10 5 10 1 25 2 20 6 10 0 15
10000004 03 Camiseta Blanca                0030  999.99 unidad     5 15 3 20 2 25 4 10 1 15 6 25 0 10
10000005 01 Manteca La Serenísima          0040  180.50 gramos     2 10 1 15 3 10 4 10 5 20 6 10 0 10
10000006 02 Pan Lactal                     0050   95.00 unidad     3 15 4 10 2 20 5 15 1 25 0 10 6 20
10000007 04 Asado Vacuno                   0020 1800.00 kilos      1 10 2 10 3 15 4 10 5 15 6 20 0 25
10000008 06 Agua Mineral                   0100   85.00 litros     2 20 3 10 5 15 1 20 4 25 0 10 6 10
10000009 07 Jamón Cocido                   0035 1200.00 gramos     5 15 6 25 0 15 1 10 2 10 3 20 4 15
10000010 08 Sprite 1.5L                    0065  275.00 litros     3 10 4 10 2 20 5 15 6 25 0 15 1 10
10000011 09 Zanahorias                     0080   45.30 kilos      1 10 2 10 4 15 5 15 6 20 0 10 3 10
10000012 09 Papas                          0100   39.90 kilos      1 10 3 10 4 20 2 20 5 10 6 25 0 15
10000013 10 Helado Chocolate               0022  850.75 gramos     2 15 3 15 0 20 1 25 4 10 6 15 5 10
10000014 01 Queso Cremoso                  0028  785.20 gramos     1 10 4 20 3 15 5 25 2 10 6 20 0 10
10000015 05 Vino Tinto                     0040  450.00 litros     5 15 4 10 3 25 2 20 1 10 6 25 0 10
10000016 11 Shampoo Suave                  0030  399.99 unidad     1 15 2 10 4 20 3 15 5 10 0 15 6 25
10000017 12 Detergente Ultra               0025  189.90 unidad     2 15 3 20 4 15 1 10 5 15 6 25 0 10
10000018 13 Pelota de Fútbol               0010 1500.00 unidad     4 20 3 15 5 10 6 10 2 20 0 10 1 25
10000019 14 Microondas                     0005 9000.00 unidad     2 15 3 10 1 10 6 25 0 10 4 15 5 10
10000020 15 Comida para perro              0030  320.00 kilos      3 15 1 10 5 15 2 25 0 15 4 10 6 20
10000021 07 Salame                         0045  980.30 gramos     4 20 2 20 1 10 5 10 3 10 0 15 6 25
10000022 03 Pantalón Jean                  0020 3500.00 unidad     5 25 3 10 1 20 6 25 0 10 2 15 4 10
10000023 06 Jugo Naranja                   0075  120.00 litros     1 15 2 10 3 25 5 10 4 15 6 10 0 10
10000024 02 Medialunas                     0040   80.00 unidad     4 10 5 10 3 10 2 25 0 15 6 20 1 15
10000025 11 Acondicionador Plus            0030  429.00 unidad     2 20 4 15 3 25 1 10 0 15 5 20 6 25
10000026 12 Limpiador Pisos                0050  210.00 unidad     3 15 2 10 5 25 1 10 6 20 0 15 4 15
10000027 04 Milanesa de Pollo              0035  960.00 gramos     4 20 1 10 3 25 5 15 0 10 6 25 2 15
10000028 08 Pepsi 2.25                     0055  345.00 litros     5 20 4 10 3 15 1 25 0 10 6 20 2 15
10000029 05 Fernet                         0045 1200.00 litros     3 20 2 10 4 25 5 15 0 10 6 25 1 10
10000030 15 Juguete para gato              0020  199.00 unidad     1 10 3 10 2 25 4 20 5 15 0 10 6 25
10000031 02 Factura Dulce                  0032   85.00 unidad     5 10 1 15 4 25 3 15 0 10 2 10 6 20
10000032 01 Ricota                         0028  300.00 gramos     2 10 3 15 1 25 4 15 5 10 6 25 0 20
10000033 03 Remera Negra                   0025  850.00 unidad     1 15 5 20 4 25 3 10 6 20 2 15 0 10
10000034 09 Tomates                        0070   55.40 kilos      2 15 1 10 4 25 5 10 6 20 0 10 3 10
10000035 14 Plancha Electrica              0010 4900.00 unidad     3 20 4 10 1 15 5 25 6 10 0 10 2 20
10000036 10 Helado Vainilla                0020  825.90 gramos     4 15 3 25 1 10 2 20 0 10 5 15 6 25
10000037 13 Rompecabezas                   0015  550.00 unidad     5 10 2 20 3 15 4 25 6 20 0 15 1 10
10000038 07 Mortadela                      0038  870.20 gramos     1 15 3 10 5 20 4 10 0 15 2 25 6 10
10000039 06 Soda                           0080   75.00 litros     2 20 1 10 3 25 4 10 6 15 5 10 0 15
10000040 08 Aquarius Pomelo                0070  130.00 litros     3 10 4 15 5 10 2 20 6 25 0 15 1 15
10000041 04 Pollo Entero                   0030 1500.00 kilos      4 20 1 10 2 15 3 10 5 25 6 10 0 20
10000042 01 Crema de leche                 0022  210.00 litros     3 10 2 15 1 25 4 15 5 10 6 20 0 15
10000043 05 Gancia                         0025  999.90 litros     5 10 2 25 3 15 1 10 4 20 6 15 0 15
10000044 10 Hamburguesas                   0040  780.00 gramos     2 15 1 25 3 10 5 20 6 15 0 10 4 15
10000045 03 Campera Azul                   0012 4500.00 unidad     4 10 3 25 2 20 5 10 1 10 6 25 0 15
10000046 13 Muñeca articulada              0020 1200.00 unidad     1 10 2 25 3 20 5 15 4 10 6 25 0 10
10000047 11 Crema para peinar              0035  300.00 unidad     2 10 4 25 1 15 3 10 6 20 0 15 5 10
10000048 12 Desodorante en aerosol         0045  285.00 unidad     3 15 2 10 4 15 1 25 5 10 6 20 0 10
10000049 15 Rascador para gato             0010  600.00 unidad     5 20 4 25 2 15 1 10 3 20 6 25 0 10
