47391827  1 Leche Entera                    475    195.50 litros     1 10 2 15 3 10 4 20 5 15 6 25 0 10
81237013  5 Cerveza Rubia                     0    250.75 litros     1 10 2 10 3 15 4 15 5 10 6 20 0 10
  529465  3 Camiseta Blanca                 370    999.99 unidad     5 15 3 20 2 25 4 10 1 15 6 25 0 10
98351022  1 Yogur Frutilla                 1205    110.00 litros     2 20 3 15 0 10 4 20 5 10 1 25 6 20
38527190  4 Asado Vacuno                    260  18000.00 kilos      1 10 2 10 3 15 4 10 5 15 6 20 0 25
 9253061  2 Pan Lactal                      540     95.00 unidad     3 15 4 10 2 20 5 15 1 25 0 10 6 20
17093584  6 Agua Mineral                    100     85.00 litros     2 20 3 10 5 15 1 20 4 25 0 10 6 10
53284610  1 Manteca La Serenisima           490    180.50 gramos     2 10 1 15 3 10 4 10 5 20 6 10 0 10
56843912  7 Jamon Cocido                   3775   1200.00 gramos     5 15 6 25 0 15 1 10 2 10 3 20 4 15
  287451 12 Detergente Ultra               2543    189.90 unidad     2 15 3 20 4 15 1 10 5 15 6 25 0 10
38714560  6 Sprite 1.5L                     658    275.00 litros     3 10 4 10 2 20 5 15 6 25 0 15 1 10
46178234  9 Zanahorias                      806     45.30 kilos      1 10 2 10 4 15 5 15 6 20 0 10 3 10
82930176 10 Helado Chocolate               2254    850.75 gramos     2 15 3 15 0 20 1 25 4 10 6 15 5 10
15093287  1 Queso Cremoso                   284    785.20 gramos     1 10 4 20 3 15 5 25 2 10 6 20 0 10
67531298  9 Papas                          1000     39.90 kilos      1 10 3 10 4 20 2 20 5 10 6 25 0 15
70823415 13 Pelota de Futbol                105  15000.00 unidad     4 20 3 15 5 10 6 10 2 20 0 10 1 25
20847590  5 Vino Tinto                      406    450.00 litros     5 15 4 10 3 25 2 20 1 10 6 25 0 10
98123467 14 Microondas                       55 900000.00 unidad     2 15 3 10 1 10 6 25 0 10 4 15 5 10
 7951480  6 Coca-Cola 2L                    560    350.00 litros     3 20 4 10 5 10 1 25 2 20 6 10 0 15
49027568  7 Salame                         4545    980.30 gramos     4 20 2 20 1 10 5 10 3 10 0 15 6 25
12730589 15 Comida para perro               303    320.00 kilos      3 15 1 10 5 15 2 25 0 15 4 10 6 20
18307456  3 Pantalon Jean                   205  35000.00 unidad     5 25 3 10 1 20 6 25 0 10 2 15 4 10
96481203 11 Shampoo Suave                   320    399.99 unidad     1 15 2 10 4 20 3 15 5 10 0 15 6 25
30751480  2 Medialunas                      407     80.00 unidad     4 10 5 10 3 10 2 25 0 15 6 20 1 15
  280139 11 Acondicionador Plus             308    429.00 unidad     2 20 4 15 3 25 1 10 0 15 5 20 6 25
98024047  8 Banana                         7322   1193.41 kilos      2 15 1 25 3 10 5 20 6 15 0 10 4 15
83247105 12 Limpiador Pisos                5089    210.00 unidad     3 15 2 10 5 25 1 10 6 20 0 15 4 15
40389157  4 Milanesa de Pollo              1005    960.00 gramos     4 20 1 10 3 25 5 15 0 10 6 25 2 15
72813406  6 Pepsi 2.25                     5556    345.00 litros     5 20 4 10 3 15 1 25 0 10 6 20 2 15
 1840795  5 Fernet                          456  12000.00 litros     3 20 2 10 4 25 5 15 0 10 6 25 1 10
30712856 15 Juguete para gato               206    199.00 unidad     1 10 3 10 2 25 4 20 5 15 0 10 6 25
13249873  2 Factura Dulce                     0     85.00 unidad     5 10 1 15 4 25 3 15 0 10 2 10 6 20
90213567  1 Ricota                           10    300.00 gramos     2 10 3 15 1 25 4 15 5 10 6 25 0 20
53492081 14 Plancha Electrica               106  44900.00 unidad     3 20 4 10 1 15 5 25 6 10 0 10 2 20
 1294857  3 Remera Negra                    254    850.00 unidad     1 15 5 20 4 25 3 10 6 20 2 15 0 10
40823971  9 Tomates                         740     55.40 kilos      2 15 1 10 4 25 5 10 6 20 0 10 3 10
27634985 10 Helado Vainilla                2670    825.90 gramos     4 15 3 25 1 10 2 20 0 10 5 15 6 25
67390248  7 Mortadela                       384    870.20 gramos     1 15 3 10 5 20 4 10 0 15 2 25 6 10
40928536 13 Rompecabezas                    157    550.00 unidad     5 10 2 20 3 15 4 25 6 20 0 15 1 10
19745832  6 Soda                            803     75.00 litros     2 20 1 10 3 25 4 10 6 15 5 10 0 15
40128763  4 Pollo Entero                    303   1500.00 kilos      4 20 1 10 2 15 3 10 5 25 6 10 0 20
  910247  1 Crema de leche                  226    210.00 litros     3 10 2 15 1 25 4 15 5 10 6 20 0 15
84012396  6 Aquarius Pomelo                   5    130.00 litros     3 10 4 15 5 10 2 20 6 25 0 15 1 15
39012857  5 Gancia                          258    999.90 litros     5 10 2 25 3 15 1 10 4 20 6 15 0 15
75291495  8 Naranja                        5667   2681.34 kilos      0 15 2 10 1 25 3 15 4 10 5 10 6 15
